1,Wichita St.,AAC,16,6,.727,,11,2,.846,,70.9,68.5,,9.36,6.91
2,Houston,AAC,28,4,.875,,14,3,.824,,74.9,58.6,,21.66,5.37
1,Virginia,ACC,18,7,.720,,13,4,.765,,68.2,60.5,,15.27,7.59
2,Florida St.,ACC,18,7,.720,,11,4,.733,,77.2,69.2,,17.12,9.16
3,Virginia Tech,ACC,15,7,.682,,9,4,.692,,72.0,66.0,,12.59,6.50
4,Georgia Tech,ACC,17,9,.654,,11,6,.647,,74.9,70.0,,12.79,7.91
5,Clemson,ACC,16,8,.667,,10,6,.625,,64.9,61.9,,12.49,9.49
6,North Carolina,ACC,18,11,.621,,10,6,.625,,75.2,69.9,,14.79,9.52
8,Syracuse,ACC,18,10,.643,,9,7,.563,,74.8,70.1,,13.27,8.59
4,Hartford,AEC,15,9,.625,,8,6,.571,,65.4,63.9,,-3.45,-4.95
1,St. Bonaventure,A-10,16,5,.762,,11,4,.733,,70.0,61.1,,13.44,4.49
2,Virginia Commonwealth,A-10,19,7,.731,,10,4,.714,,71.7,65.2,,11.30,4.76
1,Liberty,A-Sun,23,6,.793,,11,2,.846,,72.7,62.5,,4.06,-6.14
1,Baylor,Big 12,28,2,.933,,13,1,.929,,82.9,65.5,,24.83,7.40
2,Kansas,Big 12,21,9,.700,,12,6,.667,,72.5,67.4,,15.29,10.26
3,Texas,Big 12,19,8,.704,,11,6,.647,,74.4,68.2,,15.51,9.36
4,West Virginia,Big 12,19,10,.655,,11,6,.647,,77.3,72.0,,15.36,10.05
5,Oklahoma St.,Big 12,21,9,.700,,11,7,.611,,76.6,72.7,,13.65,9.78
6,Texas Tech,Big 12,18,11,.621,,9,8,.529,,72.5,63.2,,16.59,7.28
7,Oklahoma,Big 12,16,11,.593,,9,8,.529,,74.5,69.9,,13.52,8.86
8,Georgetown,Big East,13,13,.500,,7,9,.438,,71.4,71.7,,10.13,10.36
1,Villanova,Big East,18,7,.720,,11,4,.733,,74.8,66.5,,17.47,9.19
2,Creighton,Big East,22,9,.710,,14,6,.700,,76.0,68.2,,16.28,8.54
3,UConn,Big East,15,8,.652,,11,6,.647,,71.7,64.6,,15.77,8.59
3,Eastern Wash.,Big Sky,16,8,.667,,12,3,.800,,78.2,71.0,,4.03,-3.15
1,Winthrop,Big South,23,2,.920,,17,1,.944,,78.9,67.0,,4.69,-7.15
1,Michigan,Big Ten,23,5,.821,,14,3,.824,,75.8,65.1,,22.00,11.25
2,Illinois,Big Ten,24,7,.774,,16,4,.800,,80.5,68.6,,23.25,11.34
3,Iowa,Big Ten,22,9,.710,,14,6,.700,,83.7,72.7,,21.40,10.43
4,Purdue,Big Ten,18,10,.643,,13,6,.684,,71.0,66.7,,15.55,11.23
5,Ohio St.,Big Ten,21,10,.677,,12,8,.600,,77.2,71.1,,18.25,12.19
6,Wisconsin,Big Ten,18,13,.581,,10,10,.500,,69.9,64.6,,17.22,11.93
7,Rutgers,Big Ten,16,12,.571,,10,10,.500,,69.3,67.6,,14.14,12.50
8,Maryland,Big Ten,17,14,.548,,9,11,.450,,67.8,65.9,,13.94,11.97
9,Michigan St.,Big Ten,15,13,.536,,9,11,.450,,69.4,71.1,,9.80,11.48
1,UC Santa Barbara,Big West,22,5,.815,,15,3,.833,,73.4,63.6,,7.80,-2.08
6,Drexel,CAA,12,8,.600,,4,5,.444,,70.4,67.4,,-0.97,-3.92
6,North Texas,CUSA,18,10,.643,,9,5,.643,,68.3,61.7,,7.58,1.02
2,Cleveland St.,Horizon,19,8,.704,,16,4,.800,,70.9,71.2,,-5.12,-4.82
3,Iona,MAAC,12,6,.667,,6,3,.667,,71.3,66.1,,-1.20,-6.42
4,Ohio,MAC (East),17,8,.680,,9,5,.643,,78.7,72.6,,5.48,-0.57
2,Norfolk St.,MEAC,17,8,.680,,8,4,.667,,73.3,71.0,,-6.16,-8.51
1,Loyola (IL),MVC,26,5,.839,,16,2,.889,,70.1,56.4,,15.12,1.37
2,Drake,MVC,26,5,.839,,15,3,.833,,74.7,64.8,,9.42,-0.48
3,Utah St.,MWC,20,9,.690,,13,4,.765,,72.0,62.3,,10.99,1.32
1,San Diego St.,MWC,23,5,.821,,14,3,.824,,73.3,61.9,,14.36,2.99
3,Mount St. Marys,NEC,12,11,.522,,9,7,.563,,63.2,62.2,,-5.67,-6.67
2,Morehead St.,OVC,23,8,.742,,17,3,.850,,68.1,64.7,,-0.95,-4.33
1,Oregon,Pac-12,21,7,.750,,14,4,.778,,74.9,68.4,,16.15,9.65
2,Southern California,Pac-12,25,8,.758,,15,5,.750,,74.9,65.1,,20.50,10.65
3,Colorado,Pac-12,23,9,.719,,14,6,.700,,73.1,63.8,,18.88,9.57
4,UCLA,Pac-12,22,10,.688,,13,6,.684,,73.4,68.4,,16.30,11.34
6,Oregon St.,Pac-12,20,13,.606,,10,10,.500,,69.1,68.4,,11.48,10.82
2,Colgate,Patriot,14,2,.875,,11,1,.917,,85.2,69.6,,13.66,-1.90
1,Alabama,SEC,26,7,.788,,16,2,.889,,79.7,70.1,,19.58,10.01
2,Arkansas,SEC,25,7,.781,,13,4,.765,,81.4,70.8,,17.80,7.18
3,LSU,SEC,19,10,.655,,11,6,.647,,81.8,75.2,,15.70,9.14
4,Tennessee,SEC,18,9,.667,,10,7,.588,,71.9,63.5,,16.87,8.46
5,Florida,SEC,15,10,.600,,9,7,.563,,74.2,70.3,,13.70,9.82
7,Missouri,SEC,16,10,.615,,8,8,.500,,73.4,71.9,,12.37,10.87
1,UNC Greensboro,Southern,21,9,.700,,13,5,.722,,73.0,67.3,,3.48,-2.15
2,Abilene Christian,Southland,24,5,.828,,13,2,.867,,74.2,61.6,,6.27,-6.37
4,Oral Roberts,Summit,18,11,.621,,10,5,.667,,78.9,77.2,,1.73,-0.04
7,Appalachian St.,Sun Belt,17,12,.586,,7,8,.467,,67.6,67.7,,-5.84,-5.72
3,Texas Southern,SWAC,17,9,.654,,10,3,.769,,72.7,69.8,,-6.15,-9.03
1,Grand Canyon,WAC,17,7,.708,,9,3,.750,,71.4,62.8,,5.11,-3.46
1,Gonzaga,WCC,31,1,.969,,15,0,1.000,,91.0,69.7,,27.20,5.92
2,BYU,WCC,20,7,.741,,10,3,.769,,77.0,69.0,,15.19,7.23